90.00 85;
90.00 88;
90.00 96;
93.33 95;
86.67 94;
93.33 91;
93.33 92;
93.33 88;
93.33 105;
90.00 92;
96.67 87;
90.00 94;
86.67 96;
96.67 94;
96.67 95;
96.67 90;
86.67 86;
90.00 86;
90.00 93;
90.00 96;
96.67 93;
96.67 96;
90.00 97;
90.00 97;
96.67 93;
96.67 91;
90.00 95;
93.33 87;
86.67 99;
93.33 100;
96.67 100;
90.00 96;
90.00 99;
90.00 101;
90.00 107;
90.00 98;
90.00 99;
90.00 102;
90.00 97;
96.67 105;
96.67 103;
96.67 107;
90.00 107;
90.00 103;
96.67 107;
90.00 106;
90.00 104;
90.00 107;
90.00 107;
90.00 103;
90.00 106;
96.67 105;
96.67 105;
90.00 105;
90.00 110;
90.00 113;
90.00 111;
86.67 108;
90.00 112;
96.67 113;
90.00 112;
90.00 110;
90.00 113;
90.00 110;
90.00 106;
90.00 110;
90.00 111;
86.67 111;
86.67 109;
86.67 114;
90.00 116;
90.00 113;
90.00 111;
90.00 113;
90.00 114;
90.00 114;
90.00 114;
90.00 113;
90.00 115;
90.00 117;
90.00 115;
90.00 108;
90.00 106;
90.00 108;
90.00 105;
90.00 108;
90.00 109;
90.00 106;
90.00 105;
86.67 100;
96.67 107;
96.67 111;
90.00 110;
93.33 107;
96.67 112;
96.67 112;
93.33 113;
86.67 113;
90.00 113;
90.00 112;
