000000000001000010000010
000000001001100001110110
000100001001000000010110
001000001001010100000010
001000001001010000110110
000000000000000000000001
000000000000010000001001
000000000000001001001001
000000000000100000001000
000001000000000010001001
000000010000000001100001
000001000010000000000000
000001000010100100000101
000000010010000000001000
000000010010000000000000
000000000000001000010000
000000100000001100011001
001000000001000000000000
000000000000000010000000
000000000000000000000010
000001000000000000000011
000000100100000000000001
000000100000001100011001
000000100000001000010000
000000000100000010001011
000000010010001000101101
000000010010000100101101
000000000000100000000100
000000000001000000000000
000000001000000000000000
