10100000100000001111101000101000110000011000111010000110001010000010001101100000011001101010000101110110100001111011111100100011
11001011101001101100101001010101111101001100010011101010001111111110111100010101111011001011100110011101110100000001000100111010
00011011001110001111110100110110110010101110111111001100101110110100110100000111000110100100111101010111110101001011011110011110
11101001011011110100000110101000010110100000100000110100010111011000001110000011011011110110110101100001011110000010101110101100
00111110011000111100001000000100010000011111011111000001100001111010110100010000111011001100010010000001010011100101101111111100
01001101111011010000001010101001000010111110111001010010011111001101111101111000001111000001101111101010110011010111111111111101
11110011101001011011111110100010111111110110111101000001111111010101110010000000100111101100000000101000000011001010011000100001
00100010011010000001010010101110100010101010011101100010011000000000111101101101111001100110011101110010100111000101111000000011
10100001001110010010100100110110110011000111111100110100101110110001010101110100001100010110101011001011101010000001001010000100
11000010001101110100000001000110111001000010101000010010010001000010100101010011110000100011000100011011111011110011111010101111
