25	14	76.92
30	12	90.97
25	16	65.22
25	14	81.03
30	16	88.10
25	20	85.54
25	14	70.00
1	4	80.72
30	4	83.13
1	4	62.52
1	4	58.88
1	4	37.30
1	4	51.00
1	4	24.88
1	4	35.44
1	4	63.53
10	5	93.33
10	5	93.33
10	5	96.67
10	5	96.67
10	5	93.33
10	5	96.67
10	5	90.00
10	3	93.33
10	3	90.00
10	3	93.33
10	3	96.67
10	3	96.67
10	3	96.67
10	3	93.33
10	3	96.67
10	3	93.33
10	3	96.67
10	3	96.67
10	3	93.33
10	3	96.67
10	3	93.33
10	3	93.33
10	3	90.00
10	3	90.00
10	3	96.67
10	3	96.67
10	3	90.00
10	3	90.00
10	3	93.33
10	3	96.67
10	5	63.20
3	5	49.00
50	5	68.20
10	5	77.00
20	5	78.80
10	5	60.80
20	5	66.40
3	5	49.60
50	10	76.80
1	2	29.80
1	2	32.40
2	2	29.60
1	2	32.60
1	2	28.80
10	3	51.60
10	5	68.55
10	5	68.38
10	3	96.67
